652935	362.99
652937	362.99
652940	362.99
652942	362.99
652945	362.99
652947	362.99
652950	362.99
652952	362.99
652955	362.99
652957	362.99
652960	362.99
652962	362.99
652965	362.99
652967	362.99
652971	362.99
652973	362.99
652976	362.87
652978	362.87
652981	362.87
652983	362.87
652986	362.87
652988	362.87
652991	362.87
652993	362.87
652996	362.87
652998	362.87
653001	362.87
653003	362.87
653006	362.87
653008	362.87
653011	362.87
653014	362.87
653017	362.94
653019	362.94
653022	362.94
653024	362.94
653027	362.94
653029	362.94
653032	362.94
653034	362.94
653037	362.94
653039	362.94
653042	362.94
653044	362.94
653046	362.94
653049	362.94
653051	362.94
653054	362.94
653057	362.84
653060	362.84
653062	362.84
653065	362.84
653067	362.84
653070	362.84
653072	362.84
653075	362.84
653077	362.84
653080	362.84
653082	362.84
653085	362.84
653087	362.84
653090	362.84
653092	362.84
653095	362.84
653097	362.94
653101	362.94
653103	362.94
653106	362.94
653108	362.94
653111	362.94
653113	362.94
653116	362.94
653118	362.94
653121	362.94
653123	362.94
653126	362.94
653128	362.94
653131	362.94
653133	362.94
653136	362.94
653138	362.87
653142	362.87
653144	362.87
653147	362.87
653149	362.87
653152	362.87
653154	362.87
653157	362.87
653159	362.87
653162	362.87
653164	362.87
653167	362.87
653169	362.87
653172	362.87
653174	362.87
653177	362.87
653179	362.89
653181	362.89
653185	362.89
653187	362.89
653190	362.89
653192	362.89
653195	362.89
653197	362.89
653200	362.89
653202	362.89
653205	362.89
653207	362.89
653210	362.89
653212	362.89
653215	362.89
653217	362.89
653220	362.92
653222	362.92
653225	362.92
653228	362.92
653231	362.92
653233	362.92
653236	362.92
653238	362.92
653241	362.92
653243	362.92
653246	362.92
653248	362.92
653251	362.92
653253	362.92
653256	362.92
653258	362.92
653261	362.89
653263	362.89
653266	362.89
653268	362.89
653272	362.89
653274	362.89
653277	362.89
653279	362.89
653282	362.89
653284	362.89
653287	362.89
653289	362.89
653292	362.89
653294	362.89
653297	362.89
653299	362.89
653302	362.96
653304	362.96
653307	362.96
653309	362.96
653312	362.96
653315	362.96
653317	362.96
653320	362.96
653322	362.96
653325	362.96
653327	362.96
653330	362.96
653332	362.96
653335	362.96
653337	362.96
653340	362.96
653342	362.84
653345	362.84
653347	362.84
653350	362.84
653352	362.84
653356	362.84
653358	362.84
653361	362.84
653363	362.84
653366	362.84
653368	362.84
653371	362.84
653373	362.84
653376	362.84
653378	362.84
653381	362.84
653383	362.87
653386	362.87
653388	362.87
653391	362.87
653393	362.87
653396	362.87
653399	362.87
653402	362.87
653404	362.87
653407	362.87
653409	362.87
653412	362.87
653414	362.87
653417	362.87
653419	362.87
653422	362.87
653424	362.94
653427	362.94
653429	362.94
653432	362.94
653434	362.94
653437	362.94
653440	362.94
653442	362.94
653445	362.94
653447	362.94
653450	362.94
653452	362.94
653455	362.94
653457	362.94
653460	362.94
653462	362.94
653465	362.84
653467	362.84
653470	362.84
653472	362.84
653475	362.84
653477	362.84
653480	362.84
653483	362.84
653486	362.84
653488	362.84
653491	362.84
653493	362.84
653496	362.84
653498	362.84
653501	362.84
653503	362.84
653506	362.89
653508	362.89
653511	362.89
653513	362.89
653516	362.89
653518	362.89
653521	362.89
653523	362.89
653527	362.89
653529	362.89
653532	362.89
653534	362.89
653537	362.89
653539	362.89
653542	362.89
653544	362.89
653547	362.94
653549	362.94
653552	362.94
653554	362.94
653557	362.94
653559	362.94
653562	362.94
653564	362.94
653568	362.94
653570	362.94
653572	362.94
653575	362.94
653577	362.94
653580	362.94
653582	362.94
653585	362.94
653587	362.82
653590	362.82
653592	362.82
653595	362.82
653597	362.82
653600	362.82
653602	362.82
653605	362.82
653607	362.82
653611	362.82
653613	362.82
653616	362.82
653618	362.82
653621	362.82
653623	362.82
653626	362.82
653628	362.89
653631	362.89
653633	362.89
653636	362.89
653638	362.89
653641	362.89
653643	362.89
653646	362.89
653648	362.89
653651	362.89
653654	362.89
653657	362.89
653659	362.89
653662	362.89
653664	362.89
653667	362.89
653669	362.94
653672	362.94
653674	362.94
653677	362.94
653679	362.94
653682	362.94
653684	362.94
653687	362.94
653689	362.94
653692	362.94
653694	362.94
653698	362.94
653700	362.94
653702	362.94
653705	362.94
653707	362.94
653710	362.92
653712	362.92
653715	362.92
653717	362.92
653720	362.92
653722	362.92
653725	362.92
653727	362.92
653730	362.92
653732	362.92
653735	362.92
653737	362.92
653741	362.92
653743	362.92
653746	362.92
653748	362.92
653751	362.87
653753	362.87
653756	362.87
653758	362.87
653761	362.87
653763	362.87
653766	362.87
653768	362.87
653771	362.87
653773	362.87
653776	362.87
653778	362.87
653782	362.87
653784	362.87
653787	362.87
653789	362.87
653792	362.92
653794	362.92
653797	362.92
653799	362.92
653802	362.92
653804	362.92
653807	362.92
653809	362.92
653812	362.92
653814	362.92
653817	362.92
653819	362.92
653822	362.92
653825	362.92
653828	362.92
653830	362.92
653833	362.92
653835	362.92
653837	362.92
653840	362.92
653842	362.92
653845	362.92
653847	362.92
653850	362.92
653852	362.92
653855	362.92
653857	362.92
653860	362.92
653862	362.92
653865	362.92
653868	362.92
653871	362.92
653873	362.89
653876	362.89
653878	362.89
653881	362.89
653883	362.89
653886	362.89
653888	362.89
653891	362.89
653893	362.89
653896	362.89
653898	362.89
653901	362.89
653903	362.89
653906	362.89
653908	362.89
653912	362.89
653914	362.87
653917	362.87
653919	362.87
653922	362.87
653924	362.87
653927	362.87
653929	362.87
653932	362.87
653934	362.87
653937	362.87
653939	362.87
653942	362.87
653944	362.87
653947	362.87
653949	362.87
653953	362.87
653955	362.82
653958	362.82
653960	362.82
653962	362.82
653965	362.82
653967	362.82
653970	362.82
653972	362.82
653975	362.82
653977	362.82
653980	362.82
653982	362.82
653985	362.82
653987	362.82
653990	362.82
653992	362.82
653996	362.94
653998	362.94
654001	362.94
654003	362.94
654006	362.94
654008	362.94
654011	362.94
654013	362.94
654016	362.94
654018	362.94
654021	362.94
654023	362.94
654026	362.94
654028	362.94
654031	362.94
654033	362.94
654036	362.92
654039	362.92
654042	362.92
654044	362.92
654047	362.92
654049	362.92
654052	362.92
654054	362.92
654057	362.92
654059	362.92
654062	362.92
654064	362.92
654067	362.92
654069	362.92
654072	362.92
654074	362.92
654077	362.94
654080	362.94
654083	362.94
654085	362.94
654088	362.94
654090	362.94
654092	362.94
654095	362.94
654097	362.94
654100	362.94
654102	362.94
654105	362.94
654107	362.94
654110	362.94
654112	362.94
654115	362.94
654117	362.84
654120	362.84
654123	362.84
654126	362.84
654128	362.84
654131	362.84
654133	362.84
654136	362.84
654138	362.84
654141	362.84
654143	362.84
654146	362.84
654148	362.84
654151	362.84
654153	362.84
654156	362.84
654158	362.38
654161	362.38
654163	362.38
654167	362.38
654169	362.38
654172	362.38
654174	362.38
654177	362.38
654179	362.38
654182	362.38
654184	362.38
654187	362.38
654189	362.38
654192	362.38
654194	362.38
654197	362.38
654199	361.89
654202	361.89
654204	361.89
654208	361.89
654210	361.89
654213	361.89
654215	361.89
654218	361.89
654220	361.89
654222	361.89
654225	361.89
654227	361.89
654230	361.89
654232	361.89
654235	361.89
654237	361.89
654240	357.98
654242	357.98
654245	357.98
654247	357.98
654251	357.98
654253	357.98
654256	357.98
654258	357.98
654261	357.98
654263	357.98
654266	357.98
654268	357.98
654271	357.98
654273	357.98
654276	357.98
654278	357.98
654281	347.78
654283	347.78
654286	347.78
654288	347.78
654291	347.78
654294	347.78
654297	347.78
654299	347.78
654302	347.78
654304	347.78
654307	347.78
654309	347.78
654312	347.78
654314	347.78
654317	347.78
654319	347.78
654322	334.03
654324	334.03
654327	334.03
654329	334.03
654332	334.03
654334	334.03
654338	334.03
654340	334.03
654343	334.03
654345	334.03
654348	334.03
654350	334.03
654352	334.03
654355	334.03
654357	334.03
654360	334.03
654362	317.90
654365	317.90
654367	317.90
654370	317.90
654372	317.90
654375	317.90
654377	317.90
654381	317.90
654383	317.90
654386	317.90
654388	317.90
654391	317.90
654393	317.90
654396	317.90
654398	317.90
654401	317.90
654403	298.63
654406	298.63
654408	298.63
654411	298.63
654413	298.63
654416	298.63
654418	298.63
654422	298.63
654424	298.63
654427	298.63
654429	298.63
654432	298.63
654434	298.63
654437	298.63
654439	298.63
654442	298.63
654444	274.39
654447	274.39
654449	274.39
654452	274.39
654454	274.39
654457	274.39
654459	274.39
654462	274.39
654465	274.39
654468	274.39
654470	274.39
654473	274.39
654475	274.39
654478	274.39
654480	274.39
654483	274.39
654485	237.60
654487	237.60
654490	237.60
654492	237.60
654495	237.60
654497	237.60
654500	237.60
654502	237.60
654505	237.60
654508	237.60
654511	237.60
654513	237.60
654516	237.60
654518	237.60
654521	237.60
654523	237.60
654526	173.85
654528	173.85
654531	173.85
654533	173.85
654536	173.85
654538	173.85
654541	173.85
654543	173.85
654546	173.85
654548	173.85
654552	173.85
654554	173.85
654557	173.85
654559	173.85
654562	173.85
654564	173.85
654567	75.51
654569	75.51
654571	75.51
654574	75.51
654576	75.51
654578	75.51
654581	75.51
654583	75.51
654585	75.51
654588	75.51
654590	75.51
654593	75.51
654596	75.51
654598	75.51
654600	75.51
654603	75.51
654605	14.70
654607	14.70
654610	14.70
654612	14.70
654614	14.70
654616	14.70
654619	14.70
654621	14.70
654623	14.70
654626	14.70
654628	14.70
654630	14.70
654633	14.70
654636	14.70
654638	14.70
654641	14.70
654643	0.95
654645	0.95
654647	0.95
654650	0.95
654652	0.95
654654	0.95
654656	0.95
654658	0.95
654660	0.95
654662	0.95
654665	0.95
654667	0.95
654669	0.95
654671	0.95
654673	0.95
654675	0.95
654679	0.00
654681	0.00
654683	0.00
654685	0.00
654687	0.00
654689	0.00
654692	0.00
654694	0.00
654696	0.00
654698	0.00
654700	0.00
654702	0.00
654704	0.00
654707	0.00
654709	0.00
654711	0.00
654713	0.00
654715	0.00
654717	0.00
654721	0.00
654723	0.00
654725	0.00
654727	0.00
654729	0.00
654731	0.00
654734	0.00
654736	0.00
654738	0.00
654740	0.00
654742	0.00
654744	0.00
654746	0.00
654749	0.00
654751	0.00
654753	0.00
654755	0.00
654757	0.00
654759	0.00
654763	0.00
654765	0.00
654767	0.00
654769	0.00
654771	0.00
654773	0.00
654776	0.00
654778	0.00
654780	0.00
654782	0.00
654784	0.00
654786	0.00
654788	0.00
654791	0.00
654793	0.00
654795	0.00
654797	0.00
654799	0.00
654801	0.00
654804	0.00
654807	0.00
654809	0.00
654811	0.00
654813	0.00
654815	0.00
654818	0.00
654820	0.00
654822	0.00
654824	0.00
654826	0.00
654828	0.00
654831	0.00
654833	0.00
654835	0.00
654837	0.00
654839	0.00
654841	0.00
654843	0.00
654846	0.00
654849	0.00
654851	0.00
654853	0.00
654855	0.00
654857	0.00
654860	0.00
654862	0.00
654864	0.00
654866	0.00
654868	0.00
654870	0.00
654873	0.00
654875	0.00
654877	0.00
654879	0.00
654881	0.00
654883	0.00
654885	0.00
654888	0.00
654891	0.00
654893	0.00
654895	0.00
654897	0.00
654899	0.00
654902	0.00
654904	0.00
654906	0.00
654908	0.00
654910	0.00
654912	0.00
654915	0.00
654917	0.00
654919	0.00
654921	0.00
654923	0.00
654925	0.00
654927	0.00
654930	0.00
654932	0.00
654935	0.00
654937	0.00
654939	0.00
654941	0.00
654944	0.00
654946	0.00
654948	0.00
654950	0.00
654952	0.00
654954	0.00
654957	0.00
654959	0.00
654961	0.00
654963	0.00
654965	0.00
654967	0.00
654969	0.00
654972	0.00
654974	0.00
654977	0.00
654979	0.00
654981	0.00
654983	0.00
654986	0.00
654988	0.00
654990	0.00
654992	0.00
654994	0.00
654996	0.00
654999	0.00
655001	0.00
655003	0.00
655005	0.00
655007	0.00
655009	0.00
655011	0.00
655014	0.00
655016	0.00
655019	0.00
655021	0.00
655023	0.00
655025	0.00
655028	0.00
655030	0.00
655032	0.00
655034	0.00
655036	0.00
655038	0.00
655041	0.00
655043	0.00
655045	0.00
655047	0.00
655049	0.00
655051	0.00
655053	0.00
655056	0.00
655058	0.00
655060	0.00
655063	0.00
655065	0.00
655067	0.00
655070	0.00
655072	0.00
655074	0.00
655076	0.00
655078	0.00
655080	0.00
655083	0.00
655085	0.00
655087	0.00
655089	0.00
655091	0.00
655093	0.00
655095	0.00
655098	0.00
655100	0.00
655102	0.00
655105	0.00
655107	0.00
655109	0.00
655112	0.00
655114	0.00
655116	0.00
655118	0.00
655120	0.00
655122	0.00
655125	0.00
655127	0.00
655129	0.00
655131	0.00
655133	0.00
655135	0.00
655138	0.07
655140	0.07
655142	0.07
655144	0.07
655147	0.07
655149	0.07
655151	0.07
655154	0.07
655156	0.07
655158	0.07
655160	0.07
655162	0.07
655164	0.07
655167	0.07
655169	0.07
655171	0.07
655173	2.95
655175	2.95
655177	2.95
655179	2.95
655182	2.95
655184	2.95
655186	2.95
655188	2.95
655191	2.95
655193	2.95
655196	2.95
655198	2.95
655200	2.95
655202	2.95
655204	2.95
655206	2.95
655209	15.70
655211	15.70
655213	15.70
655216	15.70
655218	15.70
655220	15.70
655222	15.70
655225	15.70
655227	15.70
655229	15.70
655233	15.70
655235	15.70
655237	15.70
655240	15.70
655242	15.70
655244	15.70
655247	32.74
655249	32.74
655251	32.74
655254	32.74
655256	32.74
655258	32.74
655261	32.74
655263	32.74
655265	32.74
655268	32.74
655270	32.74
655272	32.74
655276	32.74
655278	32.74
655280	32.74
655283	32.74
655285	50.90
655287	50.90
655290	50.90
655292	50.90
655294	50.90
655297	50.90
655299	50.90
655301	50.90
655304	50.90
655306	50.90
655308	50.90
655310	50.90
655313	50.90
655315	50.90
655318	50.90
655321	50.90
655323	72.66
655325	72.66
655328	72.66
655330	72.66
655332	72.66
655335	72.66
655337	72.66
655339	72.66
655342	72.66
655344	72.66
655346	72.66
655349	72.66
655351	72.66
655353	72.66
655356	72.66
655358	72.66
655361	99.10
655364	99.10
655366	99.10
655368	99.10
655371	99.10
655373	99.10
655375	99.10
655378	99.10
655380	99.10
655382	99.10
655385	99.10
655387	99.10
655389	99.10
655392	99.10
655394	99.10
655396	99.10
655399	133.06
655401	133.06
655404	133.06
655407	133.06
655409	133.06
655412	133.06
655414	133.06
655417	133.06
655419	133.06
655422	133.06
655424	133.06
655427	133.06
655429	133.06
655432	133.06
655434	133.06
655437	133.06
655439	174.73
655442	174.73
655444	174.73
655448	174.73
655450	174.73
655453	174.73
655455	174.73
655458	174.73
655460	174.73
655463	174.73
655465	174.73
655468	174.73
655470	174.73
655473	174.73
655475	174.73
655478	174.73
655480	227.08
655483	227.08
655485	227.08
655489	227.08
655491	227.08
655494	227.08
655496	227.08
655499	227.08
655501	227.08
655504	227.08
655506	227.08
655509	227.08
655511	227.08
655514	227.08
655516	227.08
655519	227.08
655521	270.56
655524	270.56
655526	270.56
655528	270.56
655532	270.56
655534	270.56
655537	270.56
655539	270.56
655542	270.56
655544	270.56
655547	270.56
655549	270.56
655552	270.56
655554	270.56
655557	270.56
655559	270.56
655562	295.75
655564	295.75
655567	295.75
655569	295.75
655572	295.75
655575	295.75
655578	295.75
655580	295.75
655583	295.75
655585	295.75
655588	295.75
655590	295.75
655593	295.75
655595	295.75
655598	295.75
655600	295.75
655603	312.23
655605	312.23
655608	312.23
655610	312.23
655613	312.23
655616	312.23
655619	312.23
655621	312.23
655624	312.23
655626	312.23
655629	312.23
655631	312.23
655634	312.23
655636	312.23
655639	312.23
655641	312.23
655644	321.36
655646	321.36
655649	321.36
655651	321.36
655654	321.36
655656	321.36
655659	321.36
655662	321.36
655664	321.36
655667	321.36
655669	321.36
655672	321.36
655674	321.36
655677	321.36
655679	321.36
655682	321.36
655684	327.66
655687	327.66
655689	327.66
655692	327.66
655694	327.66
655697	327.66
655699	327.66
655703	327.66
655705	327.66
655708	327.66
655710	327.66
655713	327.66
655715	327.66
655718	327.66
655720	327.66
655723	327.66
655725	333.86
655728	333.86
655730	333.86
655733	333.86
655735	333.86
655738	333.86
655740	333.86
655744	333.86
655746	333.86
655749	333.86
655751	333.86
655754	333.86
655756	333.86
655759	333.86
655761	333.86
655764	333.86
655766	340.53
655769	340.53
655771	340.53
655774	340.53
655776	340.53
655779	340.53
655781	340.53
655784	340.53
655787	340.53
655789	340.53
655792	340.53
655794	340.53
655797	340.53
655799	340.53
655802	340.53
655804	340.53
655807	344.41
655809	344.41
655812	344.41
655814	344.41
655817	344.41
655819	344.41
655822	344.41
655824	344.41
655827	344.41
655830	344.41
655833	344.41
655835	344.41
655838	344.41
655840	344.41
655843	344.41
655845	344.41
655848	344.51
655850	344.51
655853	344.51
655855	344.51
655858	344.51
655860	344.51
655863	344.51
655865	344.51
655868	344.51
655870	344.51
655874	344.51
655876	344.51
655879	344.51
655881	344.51
655884	344.51
655886	344.51
655889	344.53
655891	344.53
655894	344.53
655896	344.53
655899	344.53
655901	344.53
655904	344.53
655906	344.53
655909	344.53
655911	344.53
655915	344.53
655917	344.53
655920	344.53
655922	344.53
655924	344.53
655927	344.53
655929	344.58
655932	344.58
655934	344.58
655937	344.58
655939	344.58
655942	344.58
655944	344.58
655947	344.58
655949	344.58
655952	344.58
655954	344.58
655958	344.58
655960	344.58
655963	344.58
655965	344.58
655968	344.58
655970	344.56
655973	344.56
655975	344.56
655978	344.56
655980	344.56
655983	344.56
655985	344.56
655988	344.56
655990	344.56
655993	344.56
655995	344.56
655998	344.56
656001	344.56
656004	344.56
656006	344.56
656009	344.56
656011	344.56
656014	344.56
656016	344.56
656019	344.56
656021	344.56
656024	344.56
656026	344.56
656029	344.56
656031	344.56
656034	344.56
656036	344.56
656039	344.56
656041	344.56
656045	344.56
656047	344.56
656050	344.56
656052	344.58
656054	344.58
656057	344.58
656059	344.58
656062	344.58
656064	344.58
656067	344.58
656069	344.58
656072	344.58
656074	344.58
656077	344.58
656079	344.58
656082	344.58
656084	344.58
656088	344.58
656090	344.58
656093	344.56
656095	344.56
656098	344.56
656100	344.56
656103	344.56
656105	344.56
656108	344.56
656110	344.56
656113	344.56
656115	344.56
656118	344.56
656120	344.56
656123	344.56
656125	344.56
656129	344.56
656131	344.56
656134	344.56
656136	344.56
656139	344.56
656141	344.56
656144	344.56
656146	344.56
656149	344.56
656151	344.56
656154	344.56
656156	344.56
656159	344.56
656161	344.56
656164	344.56
656166	344.56
656169	344.56
656172	344.56
656175	344.56
656177	344.56
656180	344.56
656182	344.56
656184	344.56
656187	344.56
656189	344.56
656192	344.56
656194	344.56
656197	344.56
656199	344.56
656202	344.56
656204	344.56
656207	344.56
656209	344.56
656212	344.56
656215	344.53
656218	344.53
656220	344.53
656223	344.53
656225	344.53
656228	344.53
656230	344.53
656233	344.53
656235	344.53
656238	344.53
656240	344.53
656243	344.53
656245	344.53
656248	344.53
656250	344.53
656253	344.53
656256	344.56
656259	344.56
656261	344.56
656264	344.56
656266	344.56
656269	344.56
656271	344.56
656274	344.56
656276	344.56
656279	344.56
656281	344.56
656284	344.56
656286	344.56
656289	344.56
656291	344.56
656294	344.56
656296	344.56
656300	344.56
656302	344.56
656305	344.56
656307	344.56
656310	344.56
656312	344.56
656314	344.56
656317	344.56
656319	344.56
656322	344.56
656324	344.56
656327	344.56
656329	344.56
656332	344.56
656334	344.56
656337	344.53
656339	344.53
656343	344.53
656345	344.53
656348	344.53
656350	344.53
656353	344.53
656355	344.53
656358	344.53
656360	344.53
656363	344.53
656365	344.53
656368	344.53
656370	344.53
656373	344.53
656375	344.53
656378	344.56
656380	344.56
656384	344.56
656386	344.56
656389	344.56
656391	344.56
656394	344.56
656396	344.56
656399	344.56
656401	344.56
656404	344.56
656406	344.56
656409	344.56
656411	344.56
656414	344.56
656416	344.56
656419	344.48
656421	344.48
656424	344.48
656427	344.48
656430	344.48
656432	344.48
656435	344.48
656437	344.48
656440	344.48
656442	344.48
656444	344.48
656447	344.48
656449	344.48
656452	344.48
656454	344.48
656457	344.48
656459	344.53
656462	344.53
656464	344.53
656467	344.53
656470	344.53
656473	344.53
656475	344.53
656478	344.53
656480	344.53
656483	344.53
656485	344.53
656488	344.53
656490	344.53
656493	344.53
656495	344.53
656498	344.53
656500	344.56
656503	344.56
656505	344.56
656508	344.56
656510	344.56
656514	344.56
656516	344.56
656519	344.56
656521	344.56
656524	344.56
656526	344.56
656529	344.56
656531	344.56
656534	344.56
656536	344.56
656539	344.56
656541	344.58
656544	344.58
656546	344.58
656549	344.58
656551	344.58
656555	344.58
656557	344.58
656560	344.58
656562	344.58
656565	344.58
656567	344.58
656570	344.58
656572	344.58
656574	344.58
656577	344.58
656579	344.58
656582	344.48
656584	344.48
656587	344.48
656589	344.48
656592	344.48
656594	344.48
656598	344.48
656600	344.48
656603	344.48
656605	344.48
656608	344.48
656610	344.48
656613	344.48
656615	344.48
656618	344.48
656620	344.48
656623	344.58
656625	344.58
656628	344.58
656630	344.58
656633	344.58
656635	344.58
656638	344.58
656641	344.58
656644	344.58
656646	344.58
656649	344.58
656651	344.58
656654	344.58
656656	344.58
656659	344.58
656661	344.58
656664	344.53
656666	344.53
656669	344.53
656671	344.53
656674	344.53
656676	344.53
656679	344.53
656681	344.53
656685	344.53
656687	344.53
656690	344.53
656692	344.53
656695	344.53
656697	344.53
656700	344.53
656702	344.53
656705	344.56
656707	344.56
656709	344.56
656712	344.56
656714	344.56
656717	344.56
